,2658
A,"Laptop Dell Inspiron N3505 R3 3250U/8GB/256GB/15.6""FHD/Win 10/NK"
B,https://fptshop.com.vn//may-doi-tra/may-tinh-xach-tay-cu-gia-re/dell-inspiron-n3505-r3-3250u-win-10-nk-htm
C,13.999.000
D,4 máy
E,
F,
G,
H,
I,
J,
K,
L,
M,
N,
O,
P,
Q,
R,
S,
T,
U,
V,
W,
X,
Y,
Z,
AA,
AB,
AC,
AD,
AE,
AF,
AG,
AH,
AI,
AJ,
AK,
AL,
AM,
AN,
AO,
AP,
AQ,
AR,
AS,
AT,
AU,
AV,
AW,
AX,
AY,
AZ,
BA,
BB,
BC,
BD,
BE,
BF,
BG,
BH,
BI,
BJ,
BK,
BL,
BM,
BN,
BO,
BP,
BQ,
BR,
BS,
BT,
BU,
BV,
BW,
BX,
