,4
A,
B,2024-07-04 00:00:00
C,Run tests
D,"This sample text is a list of tests to be done during this phase.
Test 1
Test 2
Test 3"
